0   -79.624438   43.771767   0
1   -79.62501833798933   43.77256273402355   920.86616
2   -79.62559867597867   43.7733584680471   920.86616
3   -79.626179013968   43.774154202070655   920.86616
4   -79.62675935195733   43.77494993609421   920.86616
5   -79.62733968994667   43.77574567011776   920.86616
6   -79.627920027936   43.77654140414131   920.86616
7   -79.62850036592532   43.77733713816486   920.86616
8   -79.62908070391465   43.778132872188415   920.86616
9   -79.629661041904   43.77892860621197   920.86616
10   -79.63024137989332   43.77972434023552   920.86616
11   -79.63082171788265   43.78052007425907   920.86616
12   -79.63038497378723   43.780191847120555   920.86616
13   -79.62965585424112   43.77946272757444   920.86616
14   -79.62892673469501   43.77873360802833   920.86616
15   -79.62819761514889   43.778004488482225   920.86616
16   -79.62746849560278   43.77727536893612   920.86616
17   -79.62673937605666   43.77654624939   920.86616
18   -79.62601025651057   43.775817129843894   920.86616
19   -79.62528113696445   43.775088010297786   920.86616
20   -79.62455201741834   43.77435889075168   920.86616
21   -79.62382289787223   43.77362977120556   920.86616
22   -79.62309377832612   43.772900651659455   920.86616
23   -79.62236465878001   43.77217153211335   920.86616
24   -79.6216355392339   43.77144241256724   920.86616
25   -79.62090641968778   43.770713293021124   920.86616
26   -79.61937244472458   43.77042471333333   920.86616
27   -79.61812704944914   43.770424713333334   920.86616
28   -79.61688165417374   43.770424713333334   920.86616
29   -79.6156362588983   43.770424713333334   920.86616
30   -79.61439086362287   43.770424713333334   920.86616
31   -79.61314546834747   43.770424713333334   920.86616
32   -79.61190007307204   43.770424713333334   920.86616
33   -79.61065467779662   43.770424713333334   920.86616
34   -79.60939246712056   43.77115383287944   920.86616
35   -79.60866334757445   43.77188295242556   920.86616
36   -79.60793422802834   43.772612071971665   920.86616
37   -79.60720510848222   43.77334119151777   920.86616
38   -79.60647598893611   43.77407031106388   920.86616
39   -79.60574686939   43.774799430609995   920.86616
40   -79.6050177498439   43.77552855015611   920.86616
41   -79.60428863029779   43.77625766970222   920.86616
42   -79.60355951075167   43.776986789248326   920.86616
43   -79.60283039120557   43.777715908794434   908.5301999999999
44   -79.60210127165945   43.77844502834054   908.5301999999999
45   -79.60137215211334   43.77917414788666   908.5301999999999
46   -79.60064303256723   43.779903267432765   908.5301999999999
47   -79.59991391302113   43.78063238697888   908.5301999999999
48   -79.5988961699247   43.781650130075306   908.5301999999999
49   -79.59816700651605   43.78237929348394   908.5301999999999
50   -79.59743784310741   43.783108456892585   908.5301999999999
51   -79.59670867969876   43.78383762030123   908.5301999999999
52   -79.59597951629011   43.78456678370987   908.5301999999999
53   -79.5952503528815   43.78529594711851   908.5301999999999
54   -79.59452118947284   43.78602511052716   908.5301999999999
55   -79.5937920260642   43.78675427393579   875.7218
56   -79.59306286265556   43.787483437344434   875.7218
57   -79.59233369924691   43.78821260075308   875.7218
58   -79.59160453583827   43.78894176416172   875.7218
59   -79.59087537242964   43.78967092757036   875.7218
60   -79.59014620902099   43.790400090979006   875.7218
61   -79.58941704561234   43.79112925438765   875.7218
62   -79.58839987272022   43.79214642727977   875.7218
63   -79.58767066544044   43.792875634559536   875.7218
64   -79.58694145816068   43.79360484183931   883.98952
65   -79.5862122508809   43.79433404911909   887.27036
66   -79.58548304360113   43.79506325639886   887.27036
67   -79.58475383632135   43.79579246367863   887.27036
68   -79.5840246290416   43.79652167095841   887.27036
69   -79.58329542176182   43.797250878238174   887.27036
70   -79.58256621448204   43.79798008551795   887.27036
71   -79.58183700720228   43.798709292797724   887.27036
72   -79.58110779992249   43.7994385000775   887.27036
73   -79.58037859264273   43.80016770735727   887.27036
74   -79.57964938536296   43.800896914637036   887.27036
75   -79.5789201780832   43.80162612191682   887.27036
76   -79.57790357550716   43.80264272449283   887.27036
77   -79.57717432434767   43.803371975652325   887.27036
78   -79.57644507318817   43.804101226811824   887.27036
79   -79.57571582202868   43.80483047797132   906.9553999999999
80   -79.57498657086919   43.80555972913082   913.51708
81   -79.57425731970969   43.80628898029032   926.64044
82   -79.57352806855019   43.80701823144982   936.48296
83   -79.57279881739069   43.807747482609315   936.48296
84   -79.57206956623118   43.80847673376881   936.48296
85   -79.5713403150717   43.80920598492831   936.48296
86   -79.5706110639122   43.80993523608781   936.48296
87   -79.56988181275268   43.81066448724731   936.48296
88   -79.5691525615932   43.8113937384068   952.88716
89   -79.5684233104337   43.812122989566305   956.168
90   -79.56740727828551   43.81313902171448   962.72968
91   -79.5666779832377   43.813868316762296   969.2913599999999
92   -79.56594868818988   43.81459761181011   972.5722
93   -79.56521939314209   43.81532690685793   972.5722
94   -79.56449009809425   43.816056201905745   975.85304
95   -79.56376080304645   43.816785496953564   982.41472
96   -79.56303150799863   43.817514792001376   982.41472
97   -79.56230221295081   43.818244087049194   988.9764
98   -79.56157291790299   43.81897338209701   995.53808
99   -79.56084362285517   43.819702677144825   995.53808
100   -79.56011432780736   43.82043197219264   995.53808
101   -79.55938503275955   43.82116126724046   995.53808
102   -79.55865573771173   43.821890562288274   995.53808
103   -79.55792644266391   43.82261985733609   995.53808
104   -79.55691098105528   43.823635318944724   995.53808
105   -79.55618164211056   43.824364657889454   995.53808
106   -79.55545230316584   43.82509399683417   995.53808
107   -79.55472296422111   43.82582333577889   995.53808
108   -79.55399362527638   43.826552674723615   995.53808
109   -79.55326428633165   43.82728201366834   1015.22312
110   -79.55253494738693   43.82801135261306   1021.7848
111   -79.55180560844221   43.82874069155778   1031.62732
112   -79.55107626949749   43.829470030502506   1034.90816
113   -79.55034693055276   43.83019936944723   1034.90816
114   -79.54961759160804   43.83092870839195   1034.90816
115   -79.54888825266332   43.831658047336674   1038.1889999999999
116   -79.5481589137186   43.8323873862814   1038.1889999999999
117   -79.54742957477387   43.83311672522612   1038.1889999999999
118   -79.54641468381644   43.83413161618355   1038.1889999999999
119   -79.54568530096623   43.834860999033765   1038.1889999999999
120   -79.54495591811602   43.83559038188398   1038.1889999999999
121   -79.5442265352658   43.8363197647342   1038.1889999999999
122   -79.54349715241558   43.837049147584416   1038.1889999999999
123   -79.54276776956536   43.83777853043463   1038.1889999999999
124   -79.54203838671515   43.83850791328484   1038.1889999999999
125   -79.54130900386494   43.83923729613507   1038.1889999999999
126   -79.54057962101473   43.83996667898528   1038.1889999999999
127   -79.5398502381645   43.840696061835494   1041.46984
128   -79.53912085531428   43.84142544468571   1041.46984
129   -79.53839147246407   43.84215482753593   1041.46984
130   -79.53766208961386   43.84288421038614   1041.46984
131   -79.53693270676364   43.84361359323636   1041.46984
132   -79.53591838656905   43.84462791343096   1041.46984
133   -79.53518895980474   43.84535734019525   1048.03152
134   -79.53445953304046   43.846086766959544   1048.03152
135   -79.53373010627617   43.84681619372384   1057.8740400000002
136   -79.53300067951187   43.84754562048813   1057.8740400000002
137   -79.53227125274758   43.84827504725242   1057.8740400000002
138   -79.53154182598328   43.84900447401671   1057.8740400000002
139   -79.530812399219   43.849733900781004   1067.7165599999998
140   -79.5300829724547   43.8504633275453   1070.9974
141   -79.52935354569041   43.851192754309594   1077.55908
142   -79.52862411892612   43.85192218107389   1080.83992
143   -79.52789469216182   43.85265160783817   1080.83992
144   -79.52716526539754   43.853381034602464   1080.83992
145   -79.52643583863323   43.85411046136676   1080.83992
146   -79.52542208931305   43.855124210686945   1080.83992
147   -79.52469261862612   43.855853681373894   1080.83992
148   -79.52396314793916   43.856583152060836   1080.83992
149   -79.52323367725221   43.857312622747784   1080.83992
150   -79.52250420656526   43.85804209343473   1084.12076
151   -79.52177473587832   43.85877156412168   1087.4016000000001
152   -79.52104526519136   43.85950103480863   1093.96328
153   -79.52031579450441   43.86023050549558   1100.52496
154   -79.51958632381746   43.86095997618253   1103.8058
155   -79.51885685313053   43.86168944686948   1107.08664
156   -79.51812738244357   43.862418917556425   1107.08664
157   -79.51739791175663   43.863148388243374   1120.21
158   -79.51666844106967   43.863877858930316   1133.33336
159   -79.51593897038273   43.864607329617264   1133.33336
160   -79.51492579204849   43.86562050795151   1136.6142
161   -79.5141962774303   43.86635002256969   1143.17588
162   -79.51346676281212   43.86707953718787   1146.4567200000001
163   -79.51273724819393   43.86780905180605   1153.0184
164   -79.51200773357576   43.868538566424235   1159.58008
165   -79.51127821895759   43.869268081042414   1169.4225999999999
166   -79.5105487043394   43.86999759566059   1179.26512
167   -79.50981918972121   43.87072711027878   1195.66932
168   -79.50908967510304   43.87145662489695   1212.07352
169   -79.50836016048487   43.87218613951514   1215.35436
170   -79.50763064586667   43.872915654133315   1218.6352
171   -79.5069011312485   43.873645168751494   1248.1627600000002
172   -79.50617161663033   43.87437468336967   1287.5328399999999
173   -79.50544210201214   43.87510419798785   1287.5328399999999
174   -79.50442949477535   43.87611680522465   1287.5328399999999
175   -79.50369993621736   43.87684636378264   1287.5328399999999
176   -79.50297037765938   43.87757592234062   1287.5328399999999
177   -79.50224081910139   43.87830548089861   1287.5328399999999
178   -79.50151126054341   43.879035039456596   1282.54596
179   -79.50078170198542   43.879764598014575   1262.86092
180   -79.50005214342742   43.88049415657256   1262.86092
181   -79.49932258486945   43.88122371513055   1262.86092
182   -79.49859302631147   43.88195327368854   1262.86092
183   -79.49786346775348   43.882682832246516   1262.86092
184   -79.4971339091955   43.88341239080451   1262.86092
185   -79.49640435063752   43.88414194936249   1262.86092
186   -79.49567479207951   43.88487150792048   1262.86092
187   -79.49494523352153   43.885601066478465   1262.86092
188   -79.49393319749363   43.88661310250636   1262.86092
189   -79.49320359498728   43.88734270501272   1262.86092
190   -79.49247399248091   43.88807230751908   1262.86092
191   -79.49174438997456   43.88880191002544   1262.86092
192   -79.49101478746819   43.8895315125318   1262.86092
193   -79.49028518496183   43.890261115038165   1262.86092
194   -79.48955558245547   43.890990717544526   1264.56696
195   -79.48882597994911   43.89172032005089   1287.5328399999999
196   -79.48809637744276   43.89244992255725   1287.5328399999999
197   -79.48736677493639   43.893179525063616   1287.5328399999999
198   -79.48663717243002   43.89390912756997   1287.5328399999999
199   -79.48590756992367   43.89463873007633   1287.5328399999999
200   -79.48517796741731   43.8953683325827   1287.5328399999999
201   -79.48444836491095   43.89609793508906   1287.5328399999999
202   -79.48343690020337   43.89710939979663   1287.5328399999999
203   -79.48270725374006   43.897839046259946   1287.5328399999999
204   -79.48197760727675   43.898568692723245   1287.5328399999999
205   -79.48124796081345   43.89929833918655   1287.5328399999999
206   -79.48051831435015   43.90002798564986   1287.5328399999999
207   -79.47978866788685   43.900757632113155   1287.5328399999999
208   -79.47905902142354   43.901487278576454   1287.5328399999999
209   -79.47832937496024   43.90221692503977   1287.5328399999999
210   -79.47759972849693   43.902946571503065   1287.5328399999999
211   -79.47687008203363   43.90367621796637   1287.5328399999999
212   -79.47614043557031   43.90440586442967   1287.5328399999999
213   -79.47541078910703   43.905135510892976   1287.5328399999999
214   -79.47468114264372   43.90586515735628   1290.81368
215   -79.4739514961804   43.90659480381959   1290.81368
216   -79.47294060290452   43.90760569709548   1290.81368
217   -79.4722109124757   43.90833538752429   1290.81368
218   -79.4714812220469   43.9090650779531   1290.81368
219   -79.47075153161808   43.9097947683819   1290.81368
220   -79.47002184118928   43.91052445881072   1290.81368
221   -79.46929215076047   43.911254149239525   1290.81368
222   -79.46856246033165   43.91198383966834   1294.09452
223   -79.46783276990284   43.91271353009715   1294.09452
224   -79.46710307947404   43.91344322052596   1294.09452
225   -79.46637338904523   43.91417291095477   1303.93704
226   -79.46564369861642   43.91490260138358   1310.49872
227   -79.4649140081876   43.915632291812386   1310.49872
228   -79.4641843177588   43.9163619822412   1310.49872
229   -79.46345462732998   43.91709167267001   1310.49872
230   -79.46192557321818   43.91737225999999   1336.74544
231   -79.46067710643636   43.91737226   1336.74544
232   -79.45942863965455   43.91737226   1336.74544
233   -79.45818017287273   43.91737226   1336.74544
234   -79.45693170609091   43.91737226   1336.74544
235   -79.4556832393091   43.91737226000001   1336.74544
236   -79.45443477252726   43.91737226   1336.74544
237   -79.45318630574546   43.91737226   1336.74544
238   -79.45194805226379   43.918101994402875   1336.74544
239   -79.45121831786092   43.918831728805756   1336.74544
240   -79.45048858345803   43.91956146320863   1336.74544
241   -79.44975884905516   43.92029119761151   1336.74544
242   -79.44902911465228   43.921020932014386   1336.74544
243   -79.44829938024941   43.92175066641727   1336.74544
244   -79.44756964584653   43.92248040082014   1336.74544
245   -79.44683991144365   43.92321013522302   1336.74544
246   -79.44611017704077   43.9239398696259   1336.74544
247   -79.44538044263788   43.92466960402878   1343.30712
248   -79.444650708235   43.92539933843165   1343.30712
249   -79.44392097383214   43.92612907283453   1349.8688
250   -79.44319123942924   43.9268588072374   1349.8688
251   -79.44246150502637   43.92758854164028   1349.8688
252   -79.44145175494782   43.928598291718835   1349.8688
253   -79.44072197656232   43.92932807010433   1359.71132
254   -79.43999219817682   43.93005784848984   1359.71132
255   -79.4392624197913   43.930787626875336   1359.71132
256   -79.43853264140581   43.93151740526084   1359.71132
257   -79.43780286302032   43.932247183646346   1359.71132
258   -79.43707308463482   43.932976962031844   1359.71132
259   -79.43634330624931   43.93370674041735   1359.71132
260   -79.43561352786381   43.934436518802855   1359.71132
261   -79.4348837494783   43.93516629718835   1359.71132
262   -79.4341539710928   43.93589607557386   1359.71132
263   -79.4334241927073   43.936625853959356   1359.71132
264   -79.4326944143218   43.93735563234486   1359.71132
265   -79.4319646359363   43.938085410730366   1359.71132
266   -79.43043637252302   43.938364766666666   1359.71132
267   -79.42918746504604   43.938364766666666   1359.71132
268   -79.42793855756906   43.938364766666666   1359.71132
269   -79.42668965009207   43.938364766666666   1359.71132
270   -79.42544074261511   43.938364766666666   1359.71132
271   -79.42419183513813   43.938364766666666   1359.71132
272   -79.42294292766115   43.938364766666666   1359.71132
273   -79.42169402018418   43.938364766666666   1359.71132
274   -79.41994011918969   43.938364766666666   1359.71132
275   -79.41869121171271   43.938364766666666   1359.71132
276   -79.41744230423573   43.938364766666666   1359.71132
277   -79.41619339675876   43.938364766666666   1359.71132
278   -79.41494448928178   43.938364766666666   1359.71132
279   -79.4136955818048   43.938364766666666   1359.71132
280   -79.41244667432782   43.938364766666666   1351.4436
281   -79.41119776685085   43.938364766666666   1321.91604
282   -79.40996295095665   43.93909458904335   1321.91604
283   -79.40923312857997   43.93982441142003   1321.91604
284   -79.40850330620329   43.94055423379671   1321.91604
285   -79.4077734838266   43.94128405617339   1321.91604
286   -79.40704366144993   43.94201387855007   1321.91604
287   -79.40631383907325   43.942743700926755   1321.91604
288   -79.40558401669657   43.94347352330343   1321.91604
289   -79.40485419431988   43.944203345680116   1321.91604
290   -79.4041243719432   43.94493316805679   1321.91604
291   -79.40339454956651   43.945662990433476   1321.91604
292   -79.40266472718983   43.94639281281016   1321.91604
293   -79.40193490481316   43.94712263518684   1321.91604
294   -79.40120508243648   43.94785245756351   1321.91604
295   -79.40047526005979   43.9485822799402   1321.91604
296   -79.39894739199585   43.948861019999995   1321.91604
297   -79.39769826399171   43.948861019999995   1321.91604
298   -79.39644913598757   43.948861019999995   1308.79268
299   -79.39520000798342   43.948861019999995   1298.9501599999999
300   -79.39395087997927   43.948861019999995   1292.38848
301   -79.39270175197512   43.948861019999995   1289.10764
302   -79.39145262397099   43.948861019999995   1289.10764
303   -79.39020349596684   43.94886102   1289.10764
304   -79.38897040029026   43.949590886376406   1285.8268
305   -79.38824053391384   43.950320752752816   1285.8268
306   -79.38751066753743   43.95105061912923   1285.8268
307   -79.38678080116102   43.951780485505644   1285.8268
308   -79.3860509347846   43.952510351882054   1285.8268
309   -79.38532106840819   43.953240218258465   1285.8268
310   -79.3845912020318   43.953970084634875   1285.8268
311   -79.38386133565538   43.95469995101129   1285.8268
312   -79.38313146927896   43.955429817387696   1285.8268
313   -79.38240160290256   43.95615968376411   1285.8268
314   -79.38167173652614   43.95688955014053   1285.8268
315   -79.38094187014973   43.957619416516934   1285.8268
316   -79.38021200377332   43.95834928289335   1285.8268
317   -79.37948213739692   43.95907914926976   1285.8268
318   -79.37847410294866   43.96008718371802   1282.54596
319   -79.37774419256395   43.960817094102715   1282.54596
320   -79.37701428217927   43.9615470044874   1269.4225999999999
321   -79.37628437179458   43.962276914872085   1269.4225999999999
322   -79.37555446140988   43.96300682525678   1266.14176
323   -79.3748245510252   43.96373673564147   1262.86092
324   -79.37409464064051   43.96446664602615   1262.86092
325   -79.37336473025582   43.965196556410845   1262.86092
326   -79.37263481987112   43.96592646679554   1262.86092
327   -79.37190490948643   43.96665637718022   1262.86092
328   -79.37117499910175   43.96738628756492   1262.86092
329   -79.37044508871706   43.968116197949605   1262.86092
330   -79.36971517833237   43.96884610833429   1262.86092
331   -79.36898526794768   43.96957601871898   1262.86092
332   -79.36797780559847   43.970583481068175   1262.86092
333   -79.36724785119696   43.971313435469696   1262.86092
334   -79.36651789679546   43.9720433898712   1262.86092
335   -79.36578794239395   43.97277334427272   1262.86092
336   -79.36505798799243   43.97350329867423   1264.56696
337   -79.36432803359092   43.97423325307574   1280.97116
338   -79.3635980791894   43.97496320747725   1280.97116
339   -79.3628681247879   43.975693161878766   1300.6562
340   -79.36213817038639   43.97642311628028   1300.6562
341   -79.36140821598488   43.977153070681794   1300.6562
342   -79.36067826158336   43.9778830250833   1300.6562
343   -79.35994830718185   43.978612979484815   1336.74544
344   -79.35921835278033   43.97934293388633   1336.74544
345   -79.35848839837882   43.980072888287836   1336.74544
346   -79.35748150823979   43.981079778426874   1336.74544
347   -79.35675150981291   43.98180977685375   1340.02628
348   -79.35602151138603   43.98253977528063   1340.02628
349   -79.35529151295916   43.983269773707505   1340.02628
350   -79.35456151453229   43.98399977213438   1343.30712
351   -79.3538315161054   43.98472977056126   1343.30712
352   -79.35310151767854   43.985459768988136   1343.30712
353   -79.35237151925165   43.98618976741501   1343.30712
354   -79.35164152082478   43.98691976584189   1349.8688
355   -79.35091152239791   43.98764976426877   1376.11552
356   -79.35018152397103   43.988379762695644   1376.11552
357   -79.34945152554414   43.98910976112252   1376.11552
358   -79.34872152711726   43.9898397595494   1376.11552
359   -79.3479915286904   43.990569757976274   1376.11552
360   -79.34698521087256   43.991576075794114   1376.11552
361   -79.34625516841177   43.992306118254895   1376.11552
362   -79.34552512595099   43.99303616071567   1376.11552
363   -79.34479508349021   43.99376620317645   1376.11552
364   -79.34406504102944   43.99449624563723   1376.11552
365   -79.34333499856865   43.99522628809801   1376.11552
366   -79.34260495610789   43.99595633055879   1376.11552
367   -79.3418749136471   43.99668637301957   1376.11552
368   -79.34114487118632   43.997416415480345   1382.6772
369   -79.34041482872554   43.99814645794113   1382.6772
370   -79.33968478626477   43.998876500401906   1382.6772
371   -79.33895474380398   43.999606542862686   1382.6772
372   -79.3382247013432   44.00033658532347   1382.6772
373   -79.33749465888243   44.00106662778424   1382.6772
374   -79.33648891349678   44.002072373169874   1382.6772
375   -79.33575882699358   44.002802459673106   1382.6772
376   -79.33502874049036   44.00353254617632   1382.6772
377   -79.33429865398713   44.00426263267953   1382.6772
378   -79.33356856748391   44.004992719182745   1382.6772
379   -79.33283848098071   44.00572280568597   1382.6772
380   -79.33210839447747   44.00645289218919   1382.6772
381   -79.33137830797426   44.0071829786924   1382.6772
382   -79.33064822147104   44.00791306519561   1382.6772
383   -79.32991813496783   44.008643151698834   1382.6772
384   -79.32918804846462   44.00937323820205   1382.6772
385   -79.3284579619614   44.01010332470527   1382.6772
386   -79.32772787545818   44.01083341120848   1382.6772
387   -79.32699778895496   44.011563497711705   1382.6772
388   -79.32599261611247   44.01256867055418   1382.6772
389   -79.32526248555828   44.01329880110837   1382.6772
390   -79.3245323550041   44.01402893166255   1382.6772
391   -79.3238022244499   44.01475906221675   1389.2388799999999
392   -79.32307209389572   44.01548919277093   1402.36224
393   -79.32234196334153   44.01621932332512   1402.36224
394   -79.32161183278734   44.016949453879306   1402.36224
395   -79.32088170223317   44.017679584433495   1431.8898
396   -79.32015157167898   44.01840971498768   1435.17064
397   -79.31942144112477   44.019139845541865   1435.17064
398   -79.3186913105706   44.01986997609606   1435.17064
399   -79.31796118001641   44.02060010665024   1435.17064
400   -79.31723104946224   44.02133023720444   1435.17064
401   -79.31650091890803   44.02206036775861   1435.17064
402   -79.31497581827942   44.02233479333333   1435.17064
403   -79.31372514322548   44.02233479333333   1435.17064
404   -79.31247446817157   44.02233479333333   1435.17064
405   -79.31122379311765   44.02233479333333   1435.17064
406   -79.30997311806372   44.02233479333333   1435.17064
407   -79.3087224430098   44.02233479333333   1435.17064
408   -79.30747176795587   44.02233479333333   1435.17064
409   -79.30622109290195   44.02233479333333   1435.17064
410   -79.30447956494609   44.02233479333333   1435.17064
411   -79.30322888989215   44.02233479333333   1435.17064
412   -79.30197821483824   44.02233479333333   1435.17064
413   -79.3007275397843   44.02233479333333   1435.17064
414   -79.2994768647304   44.02233479333333   1435.17064
415   -79.29822618967647   44.02233479333333   1435.17064
416   -79.29697551462255   44.02233479333333   1435.17064
417   -79.29572483956862   44.02233479333333   1435.17064
418   -79.29398331161273   44.02233479333333   1435.17064
419   -79.29273263655881   44.02233479333333   1435.17064
420   -79.2914819615049   44.02233479333333   1435.17064
421   -79.29023128645099   44.02233479333333   1435.17064
422   -79.28898061139705   44.02233479333333   1435.17064
423   -79.28772993634313   44.02233479333333   1435.17064
424   -79.2864792612892   44.02233479333333   1435.17064
425   -79.28522858623529   44.02233479333333   1435.17064
426   -79.2834870582794   44.02233479333333   1438.45148
427   -79.28223638322548   44.02233479333333   1458.13652
428   -79.28098570817157   44.02233479333333   1458.13652
429   -79.27973503311765   44.02233479333333   1458.13652
430   -79.27848435806372   44.02233479333333   1458.13652
431   -79.2772336830098   44.02233479333333   1458.13652
432   -79.27598300795589   44.02233479333333   1458.13652
433   -79.27473233290195   44.02233479333333   1458.13652
434   -79.27299080494609   44.02233479333333   1458.13652
435   -79.27174012989215   44.02233479333333   1458.13652
436   -79.27048945483824   44.02233479333333   1458.13652
437   -79.2692387797843   44.02233479333333   1458.13652
438   -79.26798810473039   44.02233479333333   1458.13652
439   -79.26673742967647   44.02233479333333   1458.13652
440   -79.26548675462254   44.02233479333333   1461.41736
441   -79.26423607956863   44.02233479333333   1464.6982
442   -79.26249455161275   44.02233479333333   1464.6982
443   -79.26124387655881   44.02233479333333   1464.6982
444   -79.2599932015049   44.02233479333333   1456.43048
445   -79.25874252645099   44.02233479333333   1456.43048
446   -79.25749185139705   44.02233479333333   1449.8688
447   -79.25624117634312   44.02233479333333   1449.8688
448   -79.25499050128921   44.02233479333333   1449.8688
449   -79.25373982623529   44.02233479333333   1449.8688
450   -79.25199829827942   44.02233479333333   1449.8688
451   -79.25074762322548   44.02233479333333   1449.8688
452   -79.24949694817157   44.02233479333333   1449.8688
453   -79.24824627311764   44.02233479333333   1454.85568
454   -79.24699559806372   44.02233479333333   1454.85568
455   -79.2457449230098   44.02233479333333   1454.85568
456   -79.24449424795587   44.02233479333333   1454.85568
457   -79.24324357290196   44.02233479333333   1454.85568
458   -79.24150204494607   44.02233479333333   1454.85568
459   -79.24025136989215   44.02233479333333   1454.85568
460   -79.23900069483824   44.02233479333333   1454.85568
461   -79.23775001978431   44.02233479333333   1454.85568
462   -79.23649934473039   44.02233479333333   1454.85568
463   -79.23524866967647   44.02233479333333   1454.85568
464   -79.23399799462254   44.02233479333333   1454.85568
465   -79.23274731956863   44.02233479333333   1454.85568
466   -79.23100579161276   44.02233479333333   1454.85568
467   -79.22975511655882   44.02233479333333   1454.85568
468   -79.2285044415049   44.02233479333333   1454.85568
469   -79.22725376645099   44.02233479333333   1454.85568
470   -79.22600309139706   44.02233479333333   1454.85568
471   -79.22475241634314   44.02233479333333   1454.85568
472   -79.22350174128923   44.02233479333333   1454.85568
473   -79.22225106623529   44.02233479333333   1454.85568
474   -79.22103008277912   44.02160466277913   1454.85568
475   -79.22029995222495   44.02087453222496   1454.85568
476   -79.21956982167076   44.02014440167076   1454.85568
477   -79.21883969111659   44.01941427111658   1454.85568
478   -79.2181095605624   44.01868414056239   1454.85568
479   -79.21737943000821   44.01795401000821   1454.85568
480   -79.21664929945402   44.01722387945402   1454.85568
481   -79.21591916889983   44.01649374889983   1446.58796
482   -79.21518903834564   44.015763618345645   1446.58796
483   -79.21445890779145   44.015033487791456   1446.58796
484   -79.21372877723726   44.014303357237274   1446.58796
485   -79.21299864668308   44.013573226683086   1446.58796
486   -79.2122685161289   44.012843096128904   1446.58796
487   -79.2115383855747   44.01211296557471   1446.58796
488   -79.2100135063137   44.01183854   1446.58796
489   -79.20876305262739   44.01183854   1446.58796
490   -79.2075125989411   44.01183854   1446.58796
491   -79.20626214525478   44.01183854   1423.62208
492   -79.20501169156849   44.01183854   1413.77956
493   -79.20376123788218   44.01183854   1413.77956
494   -79.20251078419588   44.01183854   1413.77956
495   -79.20126033050957   44.01183854   1410.49872
496   -79.20003762016346   44.01110845349678   1407.2178800000002
497   -79.19930753366023   44.01037836699357   1403.93704
498   -79.19857744715702   44.009648280490346   1390.81368
499   -79.1978473606538   44.00891819398713   1390.81368
500   -79.19711727415057   44.00818810748391   1390.81368
501   -79.19638718764736   44.0074580209807   1390.81368
502   -79.19565710114415   44.00672793447748   1390.81368
503   -79.19492701464094   44.005997847974264   1390.81368
504   -79.1941969281377   44.005267761471046   1390.81368
505   -79.19346684163449   44.00453767496783   1390.81368
506   -79.19273675513128   44.00380758846462   1387.5328399999999
507   -79.19200666862805   44.0030775019614   1344.88192
508   -79.19127658212484   44.002347415458175   1344.88192
509   -79.19054649562162   44.00161732895496   1344.88192
510   -79.18902122089433   44.001342286666656   1344.88192
511   -79.18777098845536   44.00134228666666   1344.88192
512   -79.18652075601636   44.00134228666666   1344.88192
513   -79.18527052357739   44.00134228666666   1344.88192
514   -79.1840202911384   44.00134228666666   1344.88192
515   -79.18277005869942   44.00134228666666   1344.88192
516   -79.18151982626043   44.00134228666666   1344.88192
517   -79.18026959382144   44.00134228666666   1344.88192
518   -79.178524967561   44.001342286666656   1344.88192
519   -79.17727473512203   44.00134228666666   1344.88192
520   -79.17602450268305   44.00134228666666   1344.88192
521   -79.17477427024406   44.00134228666666   1344.88192
522   -79.17352403780507   44.00134228666666   1344.88192
523   -79.17227380536609   44.00134228666666   1344.88192
524   -79.1710235729271   44.00134228666666   1344.88192
525   -79.16977334048812   44.00134228666666   1344.88192
526   -79.16802871422767   44.001342286666656   1344.88192
527   -79.1667784817887   44.00134228666666   1344.88192
528   -79.1655282493497   44.00134228666666   1349.8688
529   -79.16427801691073   44.00134228666666   1349.8688
530   -79.16302778447175   44.00134228666666   1353.14964
531   -79.16177755203276   44.00134228666666   1356.43048
532   -79.16052731959377   44.00134228666666   1362.99216
533   -79.15927708715479   44.00134228666666   1362.99216
534   -79.15753246089434   44.00134228666666   1362.99216
535   -79.15628222845537   44.00134228666667   1362.99216
536   -79.15503199601638   44.001342286666656   1362.99216
537   -79.1537817635774   44.00134228666666   1362.99216
538   -79.15253153113841   44.00134228666666   1362.99216
539   -79.15128129869942   44.00134228666666   1362.99216
540   -79.15003106626044   44.00134228666666   1362.99216
541   -79.14878083382146   44.00134228666666   1362.99216
542   -79.14703620756102   44.001342286666656   1362.99216
543   -79.14578597512202   44.00134228666666   1362.99216
544   -79.14453574268305   44.00134228666666   1362.99216
545   -79.14328551024406   44.00134228666666   1362.99216
546   -79.14203527780506   44.00134228666666   1362.99216
547   -79.14078504536609   44.00134228666666   1362.99216
548   -79.1395348129271   44.00134228666666   1362.99216
549   -79.13828458048812   44.00134228666666   1362.99216
550   -79.13653995422767   44.001342286666656   1362.99216
551   -79.1352897217887   44.00134228666666   1362.99216
552   -79.1340394893497   44.00134228666666   1362.99216
553   -79.13278925691073   44.00134228666666   1362.99216
554   -79.13153902447173   44.00134228666666   1362.99216
555   -79.13028879203276   44.00134228666666   1362.99216
556   -79.12903855959377   44.00134228666666   1362.99216
557   -79.12778832715478   44.00134228666666   1362.99216
558   -79.12604370089436   44.00134228666666   1362.99216
559   -79.12479346845537   44.00134228666667   1362.99216
560   -79.12354323601637   44.001342286666656   1362.99216
561   -79.1222930035774   44.00134228666666   1362.99216
562   -79.1210427711384   44.00134228666666   1362.99216
563   -79.11979253869941   44.00134228666666   1362.99216
564   -79.11854230626044   44.00134228666666   1362.99216
565   -79.11729207382146   44.00134228666666   1366.273
566   -79.115547447561   44.001342286666656   1366.273
567   -79.11429721512202   44.00134228666666   1366.273
568   -79.11304698268303   44.00134228666666   1379.39636
569   -79.11179675024405   44.00134228666666   1379.39636
570   -79.11054651780506   44.00134228666666   1385.95804
571   -79.10929628536609   44.00134228666666   1385.95804
572   -79.1080460529271   44.00134228666666   1392.51972
573   -79.10679582048812   44.00134228666666   1392.51972
574   -79.10505119422767   44.001342286666656   1402.36224
575   -79.10380096178869   44.00134228666666   1408.92392
576   -79.1025507293497   44.00134228666666   1408.92392
577   -79.10130049691072   44.00134228666666   1408.92392
578   -79.10005026447173   44.00134228666666   1408.92392
579   -79.09880003203276   44.00134228666666   1400.6562
580   -79.09754979959376   44.00134228666666   1387.5328399999999
581   -79.09629956715477   44.00134228666666   1367.8478
582   -79.09455494089435   44.001342286666656   1367.8478
583   -79.09330470845536   44.00134228666666   1367.8478
584   -79.09205447601639   44.00134228666666   1367.8478
585   -79.0908042435774   44.00134228666666   1367.8478
586   -79.0895540111384   44.00134228666666   1367.8478
587   -79.08830377869943   44.00134228666666   1367.8478
588   -79.08705354626044   44.00134228666666   1367.8478
589   -79.08580331382146   44.00134228666666   1367.8478
590   -79.08405868756103   44.00134228666666   1367.8478
591   -79.08280845512203   44.00134228666667   1367.8478
592   -79.08155822268304   44.001342286666656   1367.8478
593   -79.08030799024405   44.00134228666666   1367.8478
594   -79.07905775780507   44.00134228666666   1367.8478
595   -79.07780752536608   44.00134228666666   1354.72444
596   -79.0765572929271   44.00134228666666   1321.91604
597   -79.07530706048811   44.00134228666666   1312.07352
598   -79.07356243422767   44.001342286666656   1272.70344
599   -79.07231220178869   44.00134228666666   1269.4225999999999
600   -79.0710619693497   44.00134228666666   1262.86092
601   -79.06981173691072   44.00134228666666   1262.86092
602   -79.06856150447173   44.00134228666666   1262.86092
603   -79.06731127203275   44.00134228666666   1262.86092
604   -79.06606103959376   44.00134228666666   1256.2992399999998
605   -79.06481080715479   44.00134228666666   1256.2992399999998
606   -79.06306618089434   44.001342286666656   1256.2992399999998
607   -79.06181594845536   44.00134228666666   1256.2992399999998
608   -79.06056571601637   44.00134228666666   1256.2992399999998
609   -79.0593154835774   44.00134228666666   1256.2992399999998
610   -79.0580652511384   44.00134228666666   1256.2992399999998
611   -79.05681501869942   44.00134228666666   1256.2992399999998
612   -79.05556478626043   44.00134228666666   1256.2992399999998
613   -79.05431455382146   44.00134228666666   1256.2992399999998
614   -79.05   44.0   0